R-B 候选比较量探针  M=20  horizon=1800 s  seeds=[0, 1, 2]
（数值为跨种子均值；极差=方案间 max-min；端点=落在 0/100 两端的方案占比）

候选量                         RSS-Threshol  Graph-Dijkst  CNN-LSTM-Pre     MADRL-Std     Grid-Only       GAP-MOH        极差      端点
--------------------------------------------------------------------------------------------------------------------------------
a_rain_pct                        100.00         98.59        100.00        100.00         94.32         94.32      5.68    0.50
m3_elev_share_pct                 100.00        100.00        100.00         90.23          0.00          0.00    100.00    0.83
m3_time_ge_120s_pct                 0.14          0.00          0.00         14.87          0.00          0.00     14.87    0.83
m3_time_ge_30s_pct                100.00        100.00        100.00        100.00          0.00          0.00    100.00    1.00
m3_time_ge_60s_pct                 13.49        100.00        100.00         14.87          0.00          0.00    100.00    0.67
n_handover                        242.00        117.67        205.00        130.00        158.33        158.33    124.33     nan
pingpong_lt_120s_pct               11.71          0.00          0.00          0.00          0.00          0.00     11.71    0.83
pingpong_lt_60s_pct                 1.35          0.00          0.00          0.00          0.00          0.00      1.35    0.83
regret_pct                          0.00          0.00          0.00         14.87          0.00          0.00     14.87    0.83
serving_elev_min_deg               22.43         15.06         23.69         15.07         14.99         14.99      8.70     nan
serving_elev_p05_deg               23.64         18.46         26.12         23.21         16.46         16.46      9.66     nan
serving_margin_median_deg           5.79         14.39          7.76          4.33         -1.67         -1.67     16.06     nan
serving_margin_p05_deg              5.78         12.91          7.38         -0.70         -1.67         -1.67     14.58     nan
serving_snr_p05_db                 22.92         21.60         23.49         22.81         21.04         21.04      2.45     nan
target_dwell_median_s             218.75        387.09        229.77        340.74        214.08        214.07    173.03     nan
target_dwell_p05_s                171.39        378.44        209.70        330.34        202.78        202.77    207.05     nan